1.511478909363455205e+04
1.609489149076224567e+04
1.713081995124911919e+04
1.822445756084131426e+04
1.937758541375791901e+04
2.059185732370358892e+04
2.186869613393070540e+04
2.320912004722460915e+04
2.461383026380005685e+04
2.608319547844567569e+04
2.761720462788744771e+04
2.921523077283602106e+04
3.087585766331219929e+04
3.259702679676668413e+04
3.437600024641835626e+04
3.620925712276253762e+04
3.809202819580165669e+04
4.001854600025050604e+04
4.198180587311349518e+04
4.397355013738051639e+04
4.598405664389074082e+04
4.800207176144898403e+04
5.001472768620696297e+04
5.200738955938760773e+04
5.396355067990445968e+04
5.586484994313801872e+04
5.769087084785177285e+04
5.941925444937525754e+04
6.102556683202541171e+04
6.248355097857608052e+04
6.376518447235682106e+04
6.484099302258579701e+04
6.568057402435776021e+04
6.625325165057755657e+04
6.652889816938838339e+04
6.647924094558102661e+04
6.607937876735790633e+04
6.530962176616676152e+04
6.415773879409993242e+04
6.262124115208406147e+04
6.071014271867738717e+04
5.844914083887192828e+04
5.587961483671139285e+04
5.306090510894539329e+04
5.006957690437931160e+04
4.699708111405179807e+04
4.394285251627901744e+04
4.096731280759604851e+04
3.821171062370698201e+04
3.576253239934187877e+04
3.364914289523442130e+04
3.184187554988983902e+04
3.027635962990575354e+04
2.890575615952831140e+04
2.754435231121386096e+04
2.599860264221663965e+04
2.414708254834342370e+04
2.195944381426717882e+04
1.955449530167438570e+04
1.716403217837763441e+04
1.505894658166672889e+04
1.344954292944796362e+04
1.235897075148868498e+04
1.159778570804137416e+04
1.082550030081528712e+04
9.736041694971469042e+03
8.407492196477907783e+03
7.176149409555476268e+03
6.339765152539451265e+03
5.835885854072774237e+03
5.318094594927241815e+03
4.604943908313241991e+03
3.921936330244471719e+03
3.486392832756189364e+03
3.137371517683179263e+03
2.706920542505134108e+03
2.334004958221464221e+03
2.069532646588008447e+03
1.792534319286791970e+03
1.549066582605612894e+03
1.353413739337599509e+03
1.165190330200438439e+03
1.010636472208923919e+03
8.706922755754502532e+02
7.512885780287592752e+02
6.460470699114226818e+02
5.555147066074994200e+02
4.766989062491381333e+02
4.087457324442645472e+02
3.499249142438823128e+02
2.991686948354759465e+02
2.554939026949799654e+02
2.179704135417730129e+02
1.857622816319448305e+02
1.581438609650217302e+02
1.344906315274765802e+02
1.142607900285796205e+02
9.698132772797796974e+01
8.223927691957817387e+01
6.967575384397974858e+01
